52.3933832498
13.6975056577
43.8759264081
56.1181246826
67.7371094307
27.6196101478
2.91770085433
98.256824133
50.6768314716
63.1216332784
5.93498536291
1.0353424421
4.12522182098
57.678576195
75.7222591834
4.42443586653
2.18108671245
65.6890547875
30.3034478908
26.1948349441
74.2582271003
5.16046303344
21.1369354061
14.3088762709
24.1096907517
79.3213507134
0.174164440912
123.209393352
15.5358253468
15.6953086537
15.9185072715
0.676478260453
13.503310654
92.5718953847
59.6916855936
2.30671560911
13.8535991248
21.1853777619
42.0384637194
19.7626663464
7.53982563065
6.99937491671
40.2240834067
24.8594615801
9.06415804925
2.87764913547
42.4080029409
10.2925154931
18.4354166819
19.652329705
33.4947867364
30.4908212982
52.0218520592
4.57075252488
0.537697963897
64.5643831557
34.7699128042
5.65255783644
0.238150804658
16.2950787808
10.8533300186
31.0210939773
30.2360075288
67.5841716028
66.0750800714
22.8096558985
18.4682428611
25.3533279692
145.385965487
4.15035585199
1.90446649093
16.3305726428
12.1775647675
12.1590240049
27.8466285337
63.7227133425
3.32947040988
82.4119217202
28.5799876523
20.8467994413
91.6937936924
7.92352275994
24.8351941048
18.1213328307
14.5818738317
119.627609434
115.265487911
24.2087982939
18.8382324661
1.00222741231
8.63062954261
40.7797243925
27.402839042
19.4768488834
1.60167291281
4.25423848225
23.3511374782
97.3675432013
22.1356949505
103.2925089
55.123191071
43.4130390126
0.12825437666
17.1044443359
47.0946374895
18.2188220517
7.03008478429
53.2977485268
35.3767874757
15.3403425914
4.30393787959
4.25974946073
50.6447031034
21.6121799722
2.03361983521
84.6661240218
82.5620214346
2.8664176224
3.2392703603
27.9269732947
58.7081663571
11.6328932477
55.4584766998
19.8092452128
25.0576121418
66.1639140804
14.1624412956
71.054173815
4.77868714802
0.0667698821663
25.5408791177
30.8442092017
18.7646131347
14.6718974974
0.312064236899
11.6496999926
13.8470214483
39.2852072415
71.3769064033
17.48036271
49.6703372677
18.4258198553
22.5581210665
98.4874293952
23.5054630991
95.1568116744
17.3559831162
22.2916740983
19.7993100889
4.7455932807
10.2087452422
21.4469231537
32.9804220705
57.2463062117
4.66147400041
29.3945815051
8.8132364075
69.1605672306
27.4892618955
3.96167431704
13.4161142058
21.5897175308
1.10634831427
13.888326207
33.117887017
2.50212262184
3.18609380222
27.4914289512
5.14500688866
21.4427873813
63.5199789358
78.4249774731
0.875353193918
48.7642324212
24.6654272269
6.52119406528
7.93750872942
11.6469916609
20.8701241406
20.8631455566
144.434652745
42.956502039
14.217377978
115.566652778
18.990275217
19.997890308
4.24833808118
157.652839264
47.0625889768
9.8365971195
65.3909578158
20.4806974688
5.02933622099
27.6838164728
29.5336880584
12.2755027082
115.742790007
8.4348211481
47.39816916
18.7873939637
22.2906360609
2.75647888731
2.56480408567
62.089291109
30.9055737961
2.23095919967
45.0047340066
3.15405691679
46.407541829
1.21551157788
7.82726663264
39.8913667007
27.4746633014
25.3080877793
7.28365840305
17.5527916296
2.12837500551
44.5581971773
40.0399575206
12.4744261531
26.1222342414
6.61818561013
101.886455995
6.40804817617
81.4500809156
8.98241564435
1.53659769721
3.7335219265
60.4729560179
2.02422687969
39.4200418576
31.0833490249
25.285577833
101.157102265
29.6263207299
80.05150532
8.40364197971
15.4206471996
28.1007329334
27.7264574133
15.0840220967
17.3961825307
53.4355296699
16.6076255705
2.89743626428
14.4575824202
22.3391373203
7.76345414307
1.92917410402
47.0045620567
2.27416520719
40.7747658344
54.5445931133
52.7073593232
34.2788766921
46.3360348002
43.9940367559
16.3442483396
114.362486388
99.4949287773
4.18381523835
4.64524294844
88.3781286064
2.8423902278
2.53444977328
7.38685209637
13.5107014693
13.2778477459
12.4428850886
9.43456005324
9.9528147384
7.17002746939
14.175194001
67.6376544741
34.7302701446
1.8296762055
31.9254110507
14.9657436175
8.00634678805
30.4667155753
67.7913884104
35.8751971639
192.765618871
15.5980240226
6.96768662455
36.1820116183
1.3418774707
29.3203201595
18.1796702292
25.0765881887
57.3311530809
7.97164216898
10.4022759583
4.60479697017
7.07780394408
1.96387144956
4.27572278144
90.5424172398
2.59301034008
7.06843992333
55.8033921153
68.9868808896
49.176300917
3.22838798174
57.1043207368
9.93330562033
15.3675761961
78.7597596096
0.0173875701167
36.7958021469
24.80220388
14.2647576007
38.8128894417
10.0987490069
13.5113902534
97.5054020229
23.0805758828
36.476019893
26.9109720488
85.2003589237
10.2756256649
3.90977353375
46.6067075336
39.609878947
43.273970802
69.0508564979
1.11412468254
91.5740277668
4.59829956859
40.1870978579
46.4849248292
21.005367205
34.4343104359
55.5431369586
25.2719153541
16.8660405573
2.31599807098
31.1834453764
23.1949816845
11.3598928725
29.8520385237
5.35963600126
33.8715140395
22.9114506062
1.58162553641
22.0382653382
5.09527172534
7.88657718845
5.29550578574
0.742709386064
64.1473483976
11.1335743211
21.9710381584
31.8350105966
35.9487682316
16.6474792266
13.5935860271
47.6795376792
38.6880426509
24.8379019834
16.4725480673
67.8031366745
10.1352736998
5.84380104112
26.1961408685
19.1658623035
8.469828118
13.1716481224
4.57008365851
2.77166911389
44.9474431597
9.99562447006
21.0240060654
67.1725211804
19.3020399052
13.5782550374
59.9074792527
59.8722713975
33.2921649683
50.8336277714
0.443181909483
20.5705608398
87.9672390036
109.972984101
27.8424156175
30.3159290856
10.9256937679
14.3759061363
23.8329982497
24.9030320418
15.3324293184
41.0677442297
19.192195431
67.1080989736
25.9324010096
19.4668560746
1.44517581232
31.2615147562
1.05957850948
3.63765994002
27.0785815487
40.1912876213
48.9187481515
7.93240412269
8.45472176928
10.5472107011
6.71442985901
16.9406353579
9.35746238892
16.807097926
0.433427632857
96.6729503361
261.429481411
42.6972019832
60.0890738718
92.5594411305
113.357159779
25.218970412
10.4891075209
22.2049779253
11.9132691757
31.479092751
24.9615473887
15.616444239
63.6316039524
96.4784883866
0.772137614557
13.8023882503
8.67817037356
98.1680718359
27.7494531412
2.2064552904
17.582784379
17.9350081691
1.71656902338
5.80104873137
45.6992117452
22.0875311987
42.6889236282
13.0309676275
6.74575300805
40.005888425
43.3209043773
46.5269375006
15.0399060216
36.2690465329
12.8488214315
26.9511839173
1.45697512869
4.05023594274
32.127177307
46.8366057154
18.8810290311
34.5568107712
7.76953135889
26.7044803393
2.11120672766
9.85108253608
25.4223232166
8.57181654358
25.512725811
28.2063863716
82.6750422605
28.9040914699
31.253779577
11.1770776741
16.3899978702
48.4028885394
1.71061862882
8.04252155762
3.67331679265
36.7259571501
0.253015610244
21.6380836399
17.7767460023
42.9937192277
37.970148574
30.9643389148
8.67558133334
25.3812583181
6.84072600262
21.0845182393
82.3024223622
67.4391951038
58.4018587523
6.17836698526
35.2553782004
26.650272645
58.0244672899
10.8274780339
14.0300267544
4.55048381666
57.7856316568
14.523173169
23.9508245316
1.15378120798
6.23027206782
49.41560988
24.8073082772
15.4712469693
79.2224124766
1.95694217605
1.91289458243
36.2484698168
16.7009742114
34.0481909068
44.5243482383
13.3999351537
0.533212367725
26.8335238731
13.091536065
23.1132650019
61.0718370767
23.1272914211
9.12720574374
43.6919920565
19.8622974857
4.47006625903
9.93545476738
71.5424539604
56.5123981156
11.8852684846
15.0190464424
8.67224205348
51.245309865
48.8945923221
40.0358073475
13.8262402018
5.82672765415
13.5795423125
20.5335446133
0.295839576214
25.2741671743
22.347208902
17.9248201507
6.36308777243
3.97133579921
5.49384085269
64.9783087657
8.89429266436
29.8842537701
9.71199607441
9.88234331512
3.15251562581
103.537248543
14.3498841896
53.8586791975
4.44840349143
5.56902584843
14.9093453442
7.77192281233
70.655682736
31.7346107396
1.24789693941
37.8299678129
59.7782588384
57.6466651729
39.3465187194
49.1819977971
0.0700635095827
27.8594855404
35.2090906338
3.24851018925
11.4684729939
6.5308284481
16.7030797561
5.32456375329
20.5873762444
72.9783352873
138.671418309
15.8099695302
9.01035847556
47.8612008781
14.2633724284
4.97975632208
30.3188569948
44.5719074864
45.9443795674
45.5273678568
32.598971973
73.6167320096
6.05963406044
9.5473848873
12.2460203774
30.895920276
14.7378560495
58.0105788705
45.5065861091
49.388096835
16.058379893
3.35817817436
16.1778337092
13.66673156
28.0350195414
4.22458652736
13.6949821526
5.3409656325
34.560343155
12.0377462207
17.6069031309
18.6527757571
10.394269269
44.1044988847
36.3355073545
15.4884646677
59.829838721
1.83745268933
15.763636496
24.2882002601
67.7168681938
4.79120984172
4.93940169513
183.672846941
33.1151662336
0.594039119654
4.25859309525
40.2023153105
1.0357372375
27.5914754533
98.0692283227
80.7560477433
50.2816202155
31.3383404214
35.1858454288
86.3710439232
0.11299122501
27.5830456535
35.418802219
8.66704323937
84.950336818
213.551076797
21.361861007
120.484254538
4.95152791692
4.45720645817
21.850504467
194.782878416
70.9775049937
21.5714652005
25.1459072512
16.3663032044
82.9273720826
49.8525594142
13.9860719545
63.7475255981
8.60382362479
2.83917322821
5.44361379299
74.2269320833
1.36248118073
7.09044590296
90.7276742083
45.7126163622
6.41378959718
93.2738454718
30.9886784327
32.8334650713
33.5477154117
10.1018680871
6.011485001
12.9174150568
7.69876774998
26.9845351002
19.6327528675
11.9559681154
79.1246441927
35.5803966791
63.1212525224
29.2038448923
27.9045344948
49.5662975421
99.467914224
16.8381391254
14.488251943
25.5135863093
17.9132223851
11.0751733032
27.1343976699
115.821523849
26.2425690018
9.8298408948
5.9009178745
49.6163942604
3.17475978562
110.607739054
14.0932144198
29.4633673329
5.90546168581
42.0601687612
33.5226553202
107.457824852
12.8600064149
13.0229341046
23.5933759174
16.4933285151
63.1597391161
11.0841291024
25.043496504
1.1561998927
1.4260701729
17.7470445431
6.41259454518
4.83118635606
10.0979111165
3.43922431597
6.73568381458
26.4916460907
45.1198242724
46.1444311374
13.6070931341
5.84911915577
10.9889858311
42.6209264386
10.9176000274
16.714127743
4.2695064947
25.2182469603
44.5731784624
18.0391676131
18.0595314123
15.5441444068
10.8911973899
13.390967496
6.01245519131
42.2228941737
8.54068018493
54.5141843964
150.442883229
25.2827838931
5.79040936966
15.1161380327
68.9276468948
44.5453251766
48.4774774432
30.8755207191
139.05746568
33.8899374044
69.1890798988
61.0854950672
31.1363657994
26.674117247
31.7971768382
15.7517843848
14.581619266
13.35811403
29.99439887
24.4506087355
29.3058329775
3.59343561433
26.69786312
0.585197705788
73.4636679446
4.82157411734
27.491098544
50.4374313313
6.90257152431
58.5288678151
5.53426507646
1.8945943579
29.9695414617
4.91890872218
29.6085226678
73.7610110885
31.8927430247
47.1272321311
6.57326217086
42.0603626418
25.974501176
1.63503528488
103.807631547
9.53042487547
3.82422295809
4.94770841588
2.15077360448
173.101745749
15.6233904111
23.1254935346
16.611018485
24.4000013369
25.8577843882
55.3508840986
4.0396543168
48.8749530157
48.5035759372
0.50660801246
17.0077476253
26.5131400964
49.5735557642
11.5209060777
31.0378354817
23.2083418749
44.8575742277
28.5168146957
139.679405723
5.56951137377
14.8422067089
62.4239166938
8.0338217944
19.1557749076
22.0442654886
53.446503498
6.44486034511
12.1953374087
13.5732162253
11.9284238969
31.5726947101
4.58203637359
6.78073809614
16.5040212682
13.8003499054
87.2674496215
3.81928411926
14.1398854638
60.7941925673
35.6799935379
95.6224751166
13.1489054246
8.34794741243
58.9419826286
2.21759397175
20.5859333696
29.8079592673
9.04506875465
31.5666201406
9.72822236426
43.5983906466
71.841465615
16.9975497484
1.62613686424
9.40636641788
81.1594886224
107.126100467
1.99488837167
27.4525988147
24.8162279157
48.6961897327
41.3388591276
34.2768301804
0.749020365666
7.1975752851
4.73501641871
0.645355865462
77.2203537276
30.8885542255
27.8294493113
106.255291357
28.1547989593
5.27978421713
96.5395278893
31.0059803501
29.8680630583
17.4859766883
67.1527854443
52.8776393165
115.905130188
37.4102879334
147.669398252
47.3835218262
5.35698879705
7.63612220558
0.0472768440863
87.3153292778
23.5029204702
2.07842705965
7.34594500878
26.7747746674
9.12404808889
4.95421188871
37.9744065749
147.069348966
1.72055752731
11.6204430583
2.91518717636
2.64198372549
42.2274834826
81.1053687213
62.2684962333
0.949587848623
145.351178629
112.23004238
82.9096870138
50.1635936969
1.36466155423
12.4444334869
4.25765102303
40.0513625284
36.5001320173
31.4596744885
37.8999310129
2.53170617521
33.5626968691
81.1773579853
2.3062501801
63.7393283853
7.07042240621
56.4995651597
5.45472696826
22.1297530668
37.2627097012
49.5673931372
133.1603218
54.9947531063
28.574781798
14.8564109467
24.4963618001
16.8676523589
5.5778189882
56.9279667572
22.8923240479
33.3774940658
56.6997194179
5.72674933941
21.9872690201
8.11601669191
50.1424772371
11.3063891541
41.7318893618
17.2367597495
5.15696207098
13.659362628
18.5906969023
33.1902340012
30.9716090117
70.7150206362
17.3697867693
23.8968146868
14.8303870519
28.5709923906
37.2360771366
9.06644634485
105.91117879
5.06176885312
5.03160815947
45.7568185968
114.526181195
58.3951927283
21.1488741633
30.1598753857
54.9851315821
20.2089180273
13.2551746923
45.8957781219
12.1555181874
19.5089835897
31.1601643656
3.46347691389
20.426186972
42.146469771
20.2353580533
8.08943590069
102.242744705
9.41000443604
13.2123875868
38.2564837488
30.1909856494
3.06673831905
7.65193393237
11.0408010418
88.4977329649
46.7230682138
9.16167564171
98.0097822004
12.5824055612
132.852268854
18.1241121772
84.1902266289
63.4451576646
89.0822541319
56.9889707851
2.87132081327
45.7574580223
6.96018531631
40.3209773261
34.4688684993
47.4224668187
56.7441641677
2.76462623112
2.90732622083
27.0537697666
56.1982889095
8.93411563519
1.77264096976
33.3619516877
14.0480986529
104.931969315
148.650610672
84.3927968465
18.0062333223
30.7234283723
69.0495351759
17.507289832
22.819130533
120.814457256
13.99552026
44.4113110531
1.72020597242
61.6125017604
29.2243747126
9.99890450643
20.726773948