6.27907653747
1.45494422117
1.53292267746
3.73647262334
25.7803487631
19.7657499604
22.4392390592
41.1552470645
4.76060723894
15.1275002401
26.7061377465
9.54690518938
17.3284901946
56.3678539957
26.0082877508
7.73437161491
4.6408195074
18.0629692156
69.9498771858
4.43293334963
28.8464237538
5.41302387453
38.9327864124
16.5210121128
49.2170566595
40.9461224026
23.667118321
2.11410565471
44.0216054142
43.7256615902
5.98071399557
15.1499167799
4.893691094
6.82068132163
26.208039535
35.3514634588
44.6989684241
6.82186402848
22.889524146
44.0622285171
22.5526318529
18.4104892646
1.82524997342
7.0218878383
150.279908269
1.5463137505
15.6607092926
13.2543785528
16.0997574362
4.50458530947
37.2277971714
108.04327003
2.54831801921
9.52114978565
13.8035914031
12.5954599087
22.9228264219
5.35306030187
5.5719213778
19.2777368729
46.1675782703
2.40768280013
107.970382422
2.91777094476
0.664071254655
29.2000838815
15.8000602106
30.7882143709
10.3034261346
13.7271107991
45.2816868373
11.3202935211
3.65215633319
22.995405738
4.32718823514
4.11982897648
16.7424309312
25.8210310066
27.1696395651
30.8469886112
39.7955038872
25.9512795134
38.1469683344
12.7803687454
13.7564008751
47.6315832611
8.22918309669
50.1935929471
2.89448055181
10.5971951707
43.9815806657
70.9822220636
2.5831667893
35.8251859181
17.2696247994
29.4910887743
12.4003733998
6.01396198908
23.6216397862
4.34975075177
11.3153394917
19.4748398888
66.5650824063
50.4415756433
42.6109807588
20.1807457585
11.3898480647
3.88943617266
18.3813850998
27.8111729542
43.3987237859
14.6918664776
12.2183047513
0.607454476719
13.9233777429
16.0781395296
18.5927511996
9.87905733623
25.1041901779
24.9485627004
44.3017428837
89.8276343871
11.6680150865
2.53914214815
44.9377432542
3.09392151132
42.4757061579
50.1539024159
3.55902139477
23.0817452385
50.1060243074
5.38447882662
49.5624792654
11.2916629398
18.0075308084
4.12803034526
22.8207204771
25.2913903372
28.3449459647
5.78455531435
21.7735081435
21.8984850262
62.3661857682
34.8633613466
1.17658241201
32.6787546886
22.6486450389
68.2246788199
49.8989997949
4.78883319893
0.0144612477188
84.1337602916
22.8864473318
18.2440281118
6.85939228256
16.823529675
12.1467325688
3.21182391747
15.6734704318
6.44092954738
4.23790432142
0.79321099913
134.861253474
10.070186009
3.39240890797
94.8487554911
4.38277783785
47.0221736414
24.1824219909
23.913039372
56.1102759076
6.28826487298
78.511786841
104.488342407
63.9805038743
13.6750990583
4.21759178794
7.57478285641
81.9535758397
0.961975900154
20.3864820713
13.697970348
14.5506455981
67.3161609186
9.57493298138
6.59701802639
3.00856617701
5.01019672997
14.4265237923
83.8783817484
17.7108023982
56.0610132662
3.39898024728
2.00569813493
5.15126943946
116.236654798
35.5296361667
6.70204915365
4.41970766588
0.548761316983
2.98112847149
24.8783883858
9.92813068426
21.0781623477
3.47323144393
0.17788592325
14.2005124408
47.4206032776
45.1384266014
20.5027719986
1.89209527618
37.5397328139
106.242531718
14.4678213094
4.89180423047
24.1244286486
2.68666568464
14.4508547259
15.5144181626
49.3004964803
59.4589050753
39.3471772231
13.9410608781
27.5101541364
22.69544578
25.7081802995
34.5383551137
13.4777966931
5.00261622702
32.6278930846
2.99155308843
25.6478510157
35.0170945546
5.63013816722
25.855908505
18.4384505263
2.11035465171
7.40865974306
18.1194966994
37.1627618917
42.7509635126
6.41359580562
2.05991803849
9.74794389836
27.3533242201
24.5024712783
0.987823433353
4.69568690663
12.8872978999
18.3927564441
3.21743979593
17.2925170273
8.72099727927
35.8942985595
1.95872154885
12.3296381493
46.8555186279
1.96129594873
0.10022380149
4.91715582281
15.4047203716
1.53076044082
15.7232793445
53.8408844133
19.3958931728
17.7522848637
10.1155715922
11.8269194834
3.55211815999
13.2588571664
10.5673348904
3.85802128129
9.22755649427
8.11158165889
27.5573878479
18.1107599731
16.4825261268
21.4843837216
13.3438206589
24.602312783
48.2797315939
32.3774210409
3.4357431422
19.6502342976
55.5428021918
27.1138077808
16.4262467665
10.3596910559
43.6351581129
0.934602837196
14.9977967586
5.43861086201
16.4620935519
1.16262866594
38.9425947249
14.9724417559
25.6408203294
15.4831245372
2.30271428321
98.9168666293
8.48274863573
2.04356327045
15.0603662852
5.8137251799
9.04014032229
14.5543507928
43.1416062174
15.7822452186
4.52202573094
23.0962712919
71.6017396113
8.52819278398
2.13877611666
38.783241347
19.5578282151
29.6937884063
105.179299956
7.14852882788
1.5216129728
3.73275198331
3.48396952645
33.1207398271
3.9425203752
25.4580887604
53.8410659683
47.7605765019
22.7048530523
2.61550637331
21.8417011643
0.334231773893
9.45336710739
24.9432768426
5.82134632661
21.9942584128
19.6072935973
6.60231672804
0.539963087122
9.89254562048
22.2979911733
1.16252694209
9.36445815449
5.39860666794
25.8899776551
8.94185269487
5.81430741314
22.8277223817
6.9686371816
4.81634746567
30.0833912751
19.885799143
13.4929207409
1.77588913907
5.8382201832
12.7848816313
24.1223748379
69.9986602729
15.6087164662
0.0578482249624
39.280538765
2.3761980914
42.7791246171
4.53694141194
32.5445603385
23.6252635097
43.9863629276
15.3620987962
18.08993849
15.6809130623
9.85113405655
13.9049783038
16.2394189953
26.2933174033
0.155657635093
9.60007797947
5.98981877756
45.9237497606
5.39070015575
44.205201753
44.1361209776
109.127620471
32.7843601219
3.68994730315
0.851476264028
14.305766162
6.90605692917
2.76798049803
30.8386546335
26.2685452443
6.66424180495
46.6302703927
43.1951670552
17.1831117577
33.526921203
45.4736948529
1.97903269719
17.9569517693
25.263485153
21.9313435507
12.4786942233
40.5880003766
64.7506133052
10.3602968593
24.7374890351
17.1215026719
11.1464264383
20.2706346238
39.5613450564
22.4133864664
2.26714525508
9.63777295136
156.498043474
57.1427871358
5.62937809792
24.3237287687
58.8569193618
7.99902316645
25.9659891098
20.2803497306
0.543084684346
83.2886210942
119.470838996
56.8462826118
12.5532805035
36.8829696294
0.213956657531
24.0616458102
15.6621867088
15.9258301945
36.6661712177
38.2101970798
15.075288382
2.00332956536
1.14059801488
8.26498683019
32.3833862168
30.4160374132
12.1267572941
13.6900713462
21.2149218596
12.2928309545
65.6354916228
23.7697256777
16.0342431493
12.728136866
66.8535991517
4.96287145952
27.6719697357
0.468577081936
18.3832313118
21.0248385494
12.7393738188
10.4094777289
5.23159276472
7.23568428853
102.046873729
40.5038192389
27.5642385826
5.36107434813
1.78611678071
36.1897434946
45.9591298636
17.9297711333
14.8620525824
29.7562297302
51.2674928838
62.5558123517
29.2711154096
30.3383253229
50.3785717817
29.1963827235
42.4969745094
19.5634755337
14.7063855309
18.0547202647
5.5831342793
26.7530843944
10.0751735581
20.0284071085
38.8653200217
5.47780195282
68.2506032859
4.46998530862
12.1594723793
13.8341259008
12.5112509867
20.1452639156
2.87722065384
2.66238646442
9.62415882742
8.51589748224
11.5394152067
3.11270300179
37.8754038492
15.2364731611
28.2122952889
2.00615657855
77.4454610071
35.916553032
4.7459589093
41.7902915155
15.0307365956
21.6112906475
0.68817751918
11.5693348397
27.9757352258
4.78591556801
40.6066623807
7.20289915406
31.5313193863
19.0656249353
11.3006611255
41.4688448396
13.459467429
5.67125601128
82.3888384193
13.9381163241
6.54945165429
49.0286141579
113.939448349
2.90345067245
49.5086202022
68.7482142096
30.053972174
0.30809965495
1.24059431645
37.0045566079
16.7845083486
42.9777449049
12.8698357938
3.43604235201
7.30888487239
46.7947933796
48.7674938665
16.0422699708
20.4774005587
38.6245718862
2.67831483451
25.5795126106
5.43808538578
12.1676371937
16.5089579781
3.21770207424
21.3431510268
12.7260791499
73.775002282
73.4198593445
12.6107919308
28.2840957038
9.09775149147
14.6721161978
13.1711984315
21.5801093805
0.933066721039
45.2367764693
25.0491560987
9.35783766074
3.79947098261
64.9127090095
11.1715190498
1.40018260382
4.45951612345
0.402852261577
17.0137905501
19.2760082114
69.6503909731
43.8739798504
1.39528092896
5.90421153869
49.328296191
16.4596025212
40.1537550284
18.6569385223
9.78375970347
59.1570735655
65.0638834663
13.78191632
4.19383289591
5.54948828309
1.65582313476
31.2026623224
1.92508315708
5.34785519015
33.2364739107
11.9081234711
8.52401758702
20.6767964614
15.3171970304
16.0003960641
24.2969429092
16.575196673
11.64016265
26.4651437291
6.94295321928
4.32208418436
48.0008691852
85.7105461223
0.414888955931
11.4913921788
71.3435878069
12.9298237736
8.68432161599
30.7827239716
27.188279418
19.8751732222
33.6569780943
13.0577792881
22.6627044892
5.23658703067
35.8149673182
110.86129363
2.47061598937
14.6325979546
22.0825494624
62.2179094566
10.7397937075
45.8222525262
7.02890863023
1.59855519354
2.43804455252
66.3115863955
7.54421066623
0.258751158603
12.2776343668
16.04893827
12.6281084094
10.7713823162
18.6962934416
12.1022937238
8.292573788
40.3284706962
82.3248394049
23.6833591901
26.9369066446
13.9327297813
14.3072589766
89.2786081617
0.841543864656
8.4818356935
4.71019108538
5.78268783331
19.0943962658
102.233920659
40.4375786972
14.8771925989
25.6250125841
41.9791815248
0.323070698794
44.8498461571
9.56969734992
4.95768465734
60.9990413594
26.3468336987
17.586643952
38.7834206129
14.3499611964
36.0867078992
20.7460135472
49.2558219525
9.32560057408
15.8549235501
5.37200849392
12.3389672211
10.9605808015
61.6196526034
141.859926696
10.3181207085
78.3592149856
0.903597899153
28.989351028
2.27926433807
69.2581858644
24.3404985139
31.1830475472
13.505624105
13.0647089582
4.19070705212
15.2840924564
17.3504622572
54.7675336245
30.4925175932
12.8724215139
2.81043893037
3.64346101996
20.7372675437
11.3250626509
0.0440143415844
34.8394064884
16.9616960323
12.3735716608
44.5288119155
18.2179215525
4.8555481964
29.2428756697
5.787795857
19.6927282113
49.1332124067
4.17112293197
4.84207946267
0.738396250517
50.0693690127
17.6438615094
15.4002500943
21.342583244
22.7280351421
63.177444957
6.71888992929
58.9160408906
59.6217165904
5.09043923975
39.6430390222
19.3633434927
44.7429337551
1.63825782391
32.2120927198
17.1569108916
21.1451560901
13.9196970351
1.66417796288
8.4095269393
10.5831669669
9.43173131491
25.1061248609
23.9848174844
37.6554160885
17.6845369207
2.19277711113
17.3340747548
7.57655687547
3.07388637165
1.69072754613
8.98841312506
12.0344318885
80.6037124965
0.678665653559
11.6272836056
8.89533911031
14.0153823339
12.5247960409
1.75683831686
4.94909321422
17.6556865266
19.6772251438
22.8893854264
9.83427010775
7.50808718499
35.7198776337
12.2276965223
6.08045588087
20.1988931523
15.6755749123
15.6915712239
26.3417215106
5.20674241434
9.61899198912
17.684039601
3.3288956353
37.1233292049
0.270310141058
0.912408970214
3.93183368021
18.0131097304
16.9167925764
1.97662870434
31.5138641384
4.71465315619
14.2141954524
27.1332811
1.37436067923
10.665636805
10.9028900636
32.0755104609
4.04287291926
0.674327070787
21.2030741811
7.26432097188
10.4216717207
1.68122845426
6.6419636743
41.2147925206
129.501511495
33.3870445614
10.9399125528
26.3056246538
2.69918750156
8.66515919196
6.06332296871
10.3592432985
10.985995173
21.4237862601
22.4582246556
26.5797662154
1.15152137671
5.77241589751
16.8361940924
2.98383487188
10.9345520935
73.7465511355
38.2301247185
4.63956588325
38.822779441
66.3105464375
57.1106001896
79.2969283458
24.293071852
4.7626563307
10.5394050125
4.01818214799
0.577511808011
97.9400911715
11.227669946
2.2280123389
4.97301269117
25.0442062946
6.91598642836
10.0880134335
15.7071085843
14.3193312638
29.679214184
1.67098358448
33.9143503941
29.3573068078
20.7390385668
3.59123098231
21.5284139739
6.4235172551
3.30059056514
28.9027022782
45.2883115044
6.51962185322
49.3985181348
24.1967996695
18.6331949091
19.2379840831
36.0860085486
18.8463022128
21.975542513
70.5943878303
4.74615243725
28.7336487129
24.0044014227
8.43597983643
11.221016333
16.9278026738
18.4085424746
5.1002505987
7.10437016019
37.2788145422
29.2271765284
9.62567291849
7.42880543571
8.11087579351
39.3864378491
44.6862994346
24.3139396779
5.59369798556
17.8497459064
74.5132864822
6.5533049404
25.5660788541
12.5341445138
48.6432605956
12.3184518271
0.995207630997
2.14838786116
31.0209625032
11.0045250724
4.92015237046
10.015760723
15.5155454549
28.6034280169
9.09657025117
47.6003916778
45.8729808854
46.2304156777
1.30523604974
4.14539897224
9.42019148899
20.3938244636
22.1780665571
87.278684738
7.71324879328
0.219105507086
24.5340418039
54.9334938029
13.9959679021
5.79847705726
5.62563307368
12.9415408408
81.5670661586
34.3478542665
49.9762382914
1.47715541097
7.45792286481
6.3933144395
12.2908552691
64.0964775587
32.1631476361
35.0108835616
22.5326593573
7.15961461087
9.875808949
17.2889338601
1.14864932265
3.62991433351
30.6917797875
2.7248618766
6.02825424984
26.3410656975
45.3580856202
26.1977690898
67.4441350859
5.3611848776
45.2778325387
3.40351090112
19.1928801924
4.97715502941
7.49712762807
37.5163399851
36.358668109
5.35628107901
11.7246015253
31.684672522
28.9985335966
13.0483933001
32.4796753997
29.9047510917
7.26841986625
19.6827481993
27.970603751
17.8315363973
14.9432800483
19.2821235006
25.9041751412
17.0291313863
57.4542928911
13.2764442999
36.6165454018
7.97414927546
52.5104202205
30.5564413303
6.50201071379
17.1626055067
5.95078844089
19.6155934528
6.50017730377
27.6364462526
25.8297798456
2.60287852348
4.61765091722
36.8440866376
4.21069253738
6.31826428463
30.8393580198
19.7311772942
8.85744844973
2.96385751129
13.4950051225
3.30916923307
22.3670868016
15.512767339
38.8720325349
9.37373318321
65.513470851
9.34085580516
15.6578924795
73.1246808914
11.9314812086
21.0541310935
8.9247075648
7.54106419193
15.6320108717
10.482281796
1.38735847232
31.9696598274
33.1771321291
74.0547970608
79.440177266
60.9372201952
24.1236604181
13.4079089762
9.12784432662
5.64646902597
50.4544984139
7.84492706455
13.1898039159
15.1021328739
21.3913706798
4.30411658449
53.3835709414
19.7059057414
20.7575450338
70.6611922589
1.68572146309
9.16191678982
69.340350023
98.1709301127
6.43348100656
70.5031652285
15.0494038325
7.45023347499